#x   0.0001
0.01    0
0.03    0
0.05    0
0.07    0
0.09    0
0.11    0
0.13    0
0.15    0
0.17    0
0.19    0
0.21    0
0.23    0
0.25    0
0.27    0
0.29    0
0.31    0
0.33    0
0.35    0
0.37    0
0.39    0
0.41    0
0.43    0
0.45    0
0.47    0
0.49    0
0.51    0
0.53    0
0.55    0
0.57    0
0.59    0
0.61    0
0.63    0
0.65    0
0.67    0
0.69    0
0.71    0
0.73    0
0.75    0
0.77    0
0.79    0
0.81    0
0.83    0
0.85    0
0.87    0
0.89    0.021047
0.91    0.0503302
0.93    0.703557
0.95    2.28135
0.97    5.01437
0.99    7.62047
1.01    8.30225
1.03    5.47651
1.05    2.74457
1.07    0.982907
1.09    0.434996
1.11    0.277386
1.13    0.313352
1.15    0.340366
1.17    0.468886
1.19    0.459144
1.21    0.512414
1.23    0.611592
1.25    0.549499
1.27    0.625357
1.29    0.726338
1.31    0.733474
1.33    0.697444
1.35    0.882756
1.37    0.826082
1.39    0.888769
1.41    0.800842
1.43    0.929425
1.45    0.919822
1.47    0.910394
1.49    0.995006
1.51    0.976135
1.53    0.879563
1.55    0.898647
1.57    0.997644
1.59    1.04195
1.61    0.939041
1.63    1.0385
1.65    0.964487
1.67    1.03119
1.69    1.01277
1.71    1.04623
1.73    0.980403
1.75    0.996229
1.77    1.04568
1.79    1.01985
1.81    1.04578
1.83    1.06785
1.85    1.02053
1.87    0.989281
1.89    1.00579
1.91    1.03739
1.93    1.12119
1.95    1.02377
1.97    1.01598
1.99    1.11985
2.01    0.998639
2.03    0.962876
2.05    0.97195
2.07    0.990222
2.09    0.92556
2.11    1.11406
2.13    0.944408
2.15    1.00446
2.17    1.07809
2.19    0.997653
2.21    1.02064
2.23    0.983976
2.25    1.01761
2.27    0.936662
2.29    1.0078
2.31    0.943559
2.33    0.984243
2.35    0.958505
2.37    1.00918
2.39    1.02155
2.41    1.01327
2.43    1.03054
2.45    1.03045
2.47    1.01247
2.49    0.973411
2.51    0.932821
2.53    0.987154
2.55    1.07301
2.57    1.02482
2.59    0.984198
2.61    1.012
2.63    0.965334
2.65    1.01136
2.67    1.06408
2.69    0.98496
2.71    0.985231
2.73    1.03908
2.75    1.03945
2.77    1.03862
2.79    1.012
2.81    0.973364
2.83    0.992962
2.85    1.02218
2.87    0.987741
2.89    1.01903
2.91    1.03559
2.93    0.972948
2.95    1.02877
2.97    0.984718
2.99    1.01914
3.01    1.03417
3.03    0.947014
3.05    0.9427
3.07    0.975565
3.09    1.04592
3.11    1.00493
3.13    0.988724
3.15    0.994691
3.17    0.978031
3.19    0.9912
3.21    1.00558
3.23    0.989974
3.25    0.998347
3.27    1.04698
3.29    1.0081
3.31    0.980741
3.33    1.04718
3.35    0.967117
3.37    1.04962
3.39    1.00028
3.41    0.935534
3.43    0.99055
3.45    1.00291
3.47    1.03708
3.49    0.979369
3.51    1.04199
3.53    0.992755
3.55    1.02856
3.57    1.02492
3.59    0.971491
3.61    1.01833
3.63    0.966647
3.65    1.00426
3.67    0.987776
3.69    0.994852
3.71    1.00232
3.73    1.02695
3.75    1.01307
3.77    0.997653
3.79    0.989473
3.81    0.968775
3.83    0.975164
3.85    0.964496
3.87    0.986835
3.89    0.994893
3.91    1.01582
3.93    1.00497
3.95    0.992146
3.97    0.995398
3.99    1.00272
4.01    1.00208
4.03    0.975731
4.05    0.973233
4.07    1.02106
4.09    1.00213
4.11    1.03089
4.13    1.02337
4.15    1.01547
4.17    0.988495
4.19    1.01849
4.21    1.0079
4.23    0.947141
4.25    1.01901
4.27    1.02458
4.29    0.995116
4.31    0.996672
4.33    0.979927
4.35    0.994286
4.37    1.0162
4.39    1.00999
4.41    0.982416
4.43    1.01774
4.45    0.998932
4.47    0.98
4.49    1.05647
4.51    0.986054
4.53    1.00621
4.55    0.997784
4.57    1.02699
4.59    1.0232
4.61    1.02258
4.63    1.01999
4.65    0.996196
4.67    1.00947
4.69    0.988371
4.71    1.01983
4.73    1.00414
4.75    1.00124
4.77    0.989569
4.79    1.02928
4.81    0.994076
4.83    1.0098
4.85    1.00822
4.87    0.981332
4.89    0.97611
4.91    1.00448
4.93    1.00561
4.95    1.02131
4.97    1.01615
4.99    1.02743
5.01    0.984044
5.03    1.00457
5.05    0.991071
5.07    1.00727
5.09    0.976521
5.11    0.978469
5.13    0.99271
5.15    0.970557
5.17    0.97928
5.19    0.976699
5.21    0.992861
5.23    1.03008
5.25    1.00546
5.27    1.01075
5.29    1.01638
5.31    0.972078
5.33    0.980642
5.35    0.993128
5.37    1.01581
5.39    1.01374
5.41    1.02989
5.43    0.98585
5.45    1.00501
5.47    0.967305
5.49    0.987098
5.51    1.01358
5.53    0.995086
5.55    1.00322
5.57    0.993608
5.59    0.974239
5.61    1.00836
5.63    1.01488
5.65    1.01032
5.67    0.985058
5.69    0.990504
5.71    1.03037
5.73    1.01582
5.75    0.974226
5.77    0.988016
5.79    0.953352
5.81    0.994708
5.83    0.990593
5.85    1.03084
5.87    0.984638
5.89    0.997906
5.91    0.979708
5.93    1.0063
5.95    1.00567
5.97    1.009
5.99    0.993674
6.01    1.01315
6.03    1.01997
6.05    0.981578
6.07    1.01449
6.09    0.980639
6.11    0.997452
6.13    0.983633
6.15    0.982095
6.17    0.997635
6.19    1.0247
6.21    0.983312
6.23    0.983022
6.25    0.998508
6.27    1.01929
6.29    1.01619
6.31    0.987774
6.33    1.02586
6.35    1.00845
6.37    0.995345
6.39    0.986674
6.41    0.994525
6.43    1.01899
6.45    0.97221
6.47    1.01798
6.49    0.990939
6.51    0.989777
6.53    1.00757
6.55    0.986274
6.57    0.99399
6.59    0.99622
6.61    0.98543
6.63    1.00434
6.65    1.0083
6.67    0.978836
6.69    0.972992
6.71    0.990714
6.73    1.01189
6.75    1.00389
6.77    1.00633
6.79    0.984322
6.81    1.00102
6.83    0.992662
6.85    0.980478
6.87    1.01169
6.89    0.995993
6.91    1.01101
6.93    1.00692
6.95    1.00579
6.97    0.998313
6.99    0.991414
7.01    1.0029
7.03    1.00783
7.05    1.00195
7.07    0.977443
7.09    1.00859
7.11    0.99319
7.13    0.982379
7.15    0.986022
7.17    1.02431
7.19    0.98524
7.21    0.980824
7.23    1.00363
7.25    1.01008
7.27    0.98418
7.29    1.01314
7.31    0.976558
7.33    1.02476
7.35    1.02321
7.37    1.00323
7.39    0.99369
7.41    1.0061
7.43    0.991475
7.45    0.974144
7.47    1.00763
7.49    0.990067
7.51    0.984801
7.53    0.978107
7.55    0.981706
7.57    0.998346
7.59    0.987592
7.61    1.01005
7.63    0.999602
7.65    0.997801
7.67    0.984811
7.69    1.00535
7.71    1.00519
7.73    0.977534
7.75    1.00622
7.77    0.995939
7.79    1.0113
7.81    1.00298
7.83    0.988144
7.85    1.00219
7.87    1.01493
7.89    1.00123
7.91    1.00756
7.93    0.997977
7.95    0.998568
7.97    0.992382
7.99    1.004
8.01    1.00822
8.03    1.0023
8.05    0.975071
8.07    0.978436
8.09    1.00175
8.11    0.986932
8.13    1.00504
8.15    0.979903
8.17    1.00852
8.19    0.995894
8.21    1.01152
8.23    1.01534
8.25    0.99475
8.27    0.983119
8.29    0.975227
8.31    1.00011
8.33    1.01153
8.35    1.00968
8.37    1.0057
8.39    1.00387
8.41    0.996271
8.43    0.997063
8.45    0.98978
8.47    0.98546
8.49    1.00453
8.51    0.975872
8.53    0.994329
8.55    0.985977
8.57    0.998349
8.59    0.993536
8.61    1.0009
8.63    0.994477
8.65    1.0164
8.67    1.00706
8.69    0.994148
8.71    0.998598
8.73    1.02115
8.75    1.00043
8.77    1.00996
8.79    1.01384
8.81    1.00527
8.83    0.997621
8.85    0.997161
8.87    0.994153
8.89    1.01141
8.91    0.981362
8.93    1.00326
8.95    0.987855
8.97    0.995732
8.99    0.993369
9.01    1.00863
9.03    1.00253
9.05    0.981055
9.07    1.00835
9.09    0.992819
9.11    1.01353
9.13    0.992089
9.15    1.00175
9.17    0.989798
9.19    1.00879
9.21    1.01144
9.23    0.993752
9.25    0.996571
9.27    0.990433
9.29    0.997184
9.31    1.00637
9.33    0.982571
9.35    1.00202
9.37    0.989249
9.39    1.00716
9.41    1.0043
9.43    0.994886
9.45    1.00291
9.47    0.99217
9.49    0.986372
9.51    1.01135
9.53    1.00174
9.55    1.01528
9.57    0.992933
9.59    0.996591
9.61    1.00256
9.63    1.01179
9.65    1.01217
9.67    1.00941
9.69    1.0009
9.71    0.990412
9.73    1.00457
9.75    1.00808
9.77    1.00903
9.79    1.01204
9.81    1.00081
9.83    1.00365
9.85    0.984797
9.87    1.00575
9.89    0.993253
9.91    1.00745
9.93    0.997736
9.95    0.984383
9.97    1.00727
9.99    1.00575
