2.000000000000000000e+00 2.711500000000000000e+04
2.549121254638524459e+00 1.839900000000000000e+04
3.249009585424941893e+00 1.270400000000000000e+04
4.141059695365509441e+00 8.561000000000000000e+03
5.278031643091576797e+00 5.714000000000000000e+03
6.727171322029716016e+00 3.962000000000000000e+03
8.574187700290343273e+00 2.735000000000000000e+03
1.092832205403516177e+01 1.886000000000000000e+03
1.392880901273798422e+01 1.204000000000000000e+03
1.775311155308552458e+01 8.210000000000000000e+02
2.262741699796952233e+01 5.990000000000000000e+02
2.884001480354655911e+01 3.920000000000000000e+02
3.675834735990510183e+01 2.920000000000000000e+02
4.685074227026000671e+01 1.720000000000000000e+02
5.971411145835565293e+01 1.200000000000000000e+02
7.610925536017414572e+01 8.000000000000000000e+01
9.700586025666545709e+01 6.200000000000000000e+01
1.236398501023801657e+02 4.200000000000000000e+01
1.575864849081492594e+02 2.400000000000000000e+01
2.008535290615681106e+02 1.900000000000000000e+01
